509377
478752
188959
179604
176924
160068
153722
149467
144484
143637
143037
142196
138830
136125
131987
130037
129904
129886
122406
119431
119419
112025
107741
102407
102024
100254
99543
98616
96305
94248
90105
89642
89554
89296
87867
87551
85498
83187
79620
78074
75759
71003
70894
70423
70251
69112
69003
67865
66277
66096
64280
63749
63036
62970
61470
60947
60184
60018
59095
58938
57926
55480
55320
55282
54762
54553
54468
52321
51983
51523
50528
50072
49433
48771
48262
48232
47251
46960
46851
46408
46377
45527
45424
45024
44894
44506
43938
43589
43223
43145
43107
42999
42946
42869
42798
42421
42291
41796
41665
41265
41232
40606
40279
40171
39752
39328
39307
37933
37887
37365
37176
36600
36412
36178
36158
35947
35942
35851
35498
35328
35055
34999
34916
34730
34706
34513
33913
33722
32907
32819
32662
32315
32255
32202
32022
31899
31691
31620
31180
31143
31122
30912
30684
30626
30446
30372
30110
29916
29903
29838
29765
29569
29552
29531
29199
29166
29146
29140
29059
29043
28379
28336
28311
28070
27783
27680
27600
27556
27548
27488
27473
27320
27130
27071
26992
26931
26846
26843
26802
26700
26558
26479
26377
26332
26226
26169
26042
25987
25811
25788
25710
25659
25565
25459
25458
25429
25197
25135
25106
25097
25032
24911
24842
24728
24435
24328
24204
24147
24089
23899
23888
23855
23830
23820
23784
23697
23682
23647
23638
23635
23623
23564
23532
23487
23461
23444
23308
23236
23164
23143
23081
23046
23037
22949
22927
22823
22797
22681
22665
22547
22334
22042
21969
21966
21914
21892
21886
21718
21718
21681
21635
21537
21423
21404
21400
21378
21283
21168
21085
20972
20952
20928
20895
20890
20872
20771
20622
20603
20507
20506
20410
20328
20300
20244
20240
20189
20179
20164
20142
20141
20137
20126
20092
20008
19970
19957
19840
19777
19734
19733
19733
19727
19687
19661
19574
19557
19526
19495
19444
19420
19304
19275
19167
19138
19083
19075
19042
18949
18913
18789
18567
18536
18417
18382
18313
18310
18259
18193
18184
18142
17972
17945
17933
17924
17855
17843
17804
17784
17770
17746
17682
17673
17671
17663
17663
17661
17597
17453
17379
17153
17106
17061
17028
16989
16969
16907
16897
16888
16886
16808
16793
16774
16722
16695
16673
16672
16551
16533
16499
16451
16444
16436
16435
16421
16349
16315
16276
16263
16261
16180
16146
16137
16134
16117
16107
16086
16082
16064
16039
16021
16007
15981
15973
15904
15897
15868
15814
15814
15808
15768
15759
15737
15674
15643
15635
15617
15580
15556
15452
15439
15421
15350
15347
15333
15302
15222
15218
15124
15123
15033
15020
15013
14999
14970
14925
14908
14897
14852
14821
14800
14790
14781
14773
14771
14746
14745
14745
14664
14663
14619
14618
14561
14495
14463
14441
14433
14414
14389
14389
14385
14356
14328
14299
14256
14243
14187
14153
14120
14105
14102
14088
14064
14050
14034
14008
13973
13966
13960
13948
13933
13927
13925
13913
13855
13843
13829
13819
13795
13729
13666
13646
13622
13564
13564
13552
13543
13523
13521
13503
13489
13487
13483
13479
13428
13416
13343
13290
13290
13281
13266
13214
13198
13131
13129
13128
13127
13095
13087
13074
13054
12991
12978
12957
12943
12937
12899
12883
12876
12843
12798
12740
12734
12729
12727
12703
12675
12658
12644
12639
12625
12618
12603
12589
12554
12525
12523
12511
12506
12483
12462
12457
12452
12450
12449
12439
12394
12394
12394
12391
12390
12386
12383
12351
12342
12314
12306
12301
12294
12277
12244
12222
12219
12207
12192
12191
12182
12175
12124
12103
11977
11948
11942
11941
11937
11934
11910
11887
11866
11862
11853
11842
11801
11801
11791
11781
11781
11760
11745
11741
11719
11694
11693
11638
11624
11568
11550
11544
11539
11476
11473
11450
11431
11384
11377
11360
11357
11317
11303
11289
11270
11246
11244
11225
11213
11204
11197
11151
11108
11098
11085
11080
11028
11026
11008
11008
11001
10997
10996
10963
10937
10928
10916
10901
10889
10871
10835
10823
10817
10815
10793
10763
10756
10745
10738
10736
10730
10725
10715
10701
10698
10693
10678
10658
10645
10626
10621
10612
10601
10559
10550
10509
10500
10473
10472
10469
10447
10440
10438
10422
10419
10419
10394
10392
10385
10376
10310
10309
10300
10290
10289
10288
10287
10272
10262
10262
10244
10232
10214
10200
10200
10184
10161
10145
10139
10135
10135
10131
10124
10114
10096
10082
10076
10013
10011
9999
9997
9971
9965
9959
9953
9948
9944
9941
9933
9919
9918
9916
9915
9899
9886
9855
9833
9828
9822
9811
9807
9788
9741
9740
9739
9738
9736
9729
9726
9716
9711
9687
9673
9648
9638
9638
9619
9593
9561
9553
9550
9550
9549
9541
9539
9525
9515
9501
9493
9487
9477
9476
9436
9435
9432
9429
9424
9419
9409
9404
9403
9382
9380
9378
9378
9370
9347
9342
9332
9327
9321
9318
9292
9291
9283
9250
9249
9233
9228
9223
9211
9200
9195
9162
9150
9150
9142
9098
9090
9067
9019
9018
8985
8980
8948
8943
8934
8933
8919
8917
8908
8900
8891
8876
8864
8861
8845
8844
8844
8843
8840
8818
8777
8773
8762
8760
8754
8728
8724
8721
8720
8704
8692
8683
8664
8663
8659
8652
8652
8634
8619
8616
8605
8603
8596
8589
8572
8571
8569
8548
8539
8536
8523
8520
8519
8507
8486
8486
8479
8472
8467
8458
8452
8450
8449
8435
8416
8414
8411
8406
8374
8348
8345
8331
8328
8314
8302
8294
8273
8260
8252
8252
8220
8202
8194
8181
8174
8156
8151
8130
8121
8120
8104
8078
8074
8068
8067
8059
8054
8046
8044
7993
7984
7984
7970
7967
7965
7954
7951
7948
7935
7914
7908
7892
7885
7881
7876
7874
7873
7863
7847
7826
7814
7800
7786
7785
7784
7758
7755
7741
7736
7720
7711
7692
7667
7654
7639
7637
7636
7630
7610
7588
7542
7538
7513
7509
7506
7506
7493
7480
7478
7467
7467
7459
7455
7453
7446
7445
7443
7435
7425
7423
7409
7409
7403
7373
7371
7357
7351
7349
7327
7322
7320
7289
7281
7278
7267
7255
7250
7249
7248
7230
7221
7215
7201
7199
7196
7186
7170
7149
7147
7139
7124
7122
7114
7113
7108
7105
7085
7081
7059
7054
7053
7052
7051
7037
7028
7024
7019
6976
6973
6970
6957
6941
6936
6936
6929
6914
6903
6897
6888
6887
6882
6865
6861
6855
6853
6849
6838
6827
6816
6807
6801
6795
6792
6771
6767
6767
6767
6759
6759
6740
6732
6730
6725
6719
6710
6693
6693
6683
6680
6662
6662
6652
6642
6639
6635
6634
6634
6617
6612
6605
6600
6596
6594
6590
6590
6588
6583
6581
6580
6572
6568
6557
6556
6555
6550
6544
6540
6540
6539
6535
6523
6518
6517
6507
6506
6505
6504
6502
6499
6490
6487
6486
6484
6481
6477
6465
6448
6448
6447
6445
6440
6438
6437
6420
6418
6416
6411
6411
6407
6406
6405
6405
6403
6399
6396
6395
6383
6381
6371
6369
6356
6355
6352
6346
6343
6340
6331
6326
6320
6319
6314
6313
6311
6310
6299
6297
6294
6290
6283
6277
6271
6261
6261
6256
6255
6249
6246
6243
6241
6238
6236
6231
6229
6225
6218
6217
6215
6206
6196
6192
6192
6158
6157
6145
6137
6136
6136
6130
6123
6118
6112
6106
6105
6100
6096
6095
6079
6072
6056
6054
6052
6049
6048
6042
6039
6038
6037
6035
6030
6029
6022
6016
6012
5989
5976
5974
5970
5961
5954
5944
5943
5937
5935
5929
5910
5906
5905
5898
5885
5884
5863
5852
5850
5841
5815
5805
5800
5800
5796
5796
5790
5790
5788
5783
5779
5773
5773
5760
5755
5740
5739
5721
5717
5716
5715
5703
5700
5687
5682
5678
5672
5670
5669
5665
5653
5653
5652
5651
5648
5637
5636
5630
5624
5622
5620
5620
5620
5619
5619
5616
5614
5613
5608
5585
5568
5556
5544
5544
5543
5535
5517
5508
5503
5498
5496
5489
5484
5484
5482
5481
5468
5468
5466
5447
5446
5445
5422
5413
5412
5408
5406
5405
5397
5397
5393
5389
5387
5385
5383
5381
5381
5380
5376
5369
5367
5361
5359
5356
5355
5351
5351
5351
5350
5350
5347
5339
5336
5332
5328
5319
5315
5311
5311
5301
5299
5298
5297
5293
5291
5284
5277
5270
5269
5269
5269
5268
5263
5263
5262
5261
5260
5248
5247
5246
5244
5244
5243
5239
5234
5233
5222
5219
5217
5217
5193
5192
5191
5190
5190
5186
5183
5177
5175
5172
5170
5163
5159
5155
5153
5151
5141
5137
5137
5136
5135
5130
5126
5122
5121
5117
5116
5112
5108
5108
5106
5102
5100
5099
5097
5092
5092
5089
5085
5083
5080
5079
5075
5073
5072
5072
5071
5068
5065
5063
5062
5060
5058
5057
5054
5052
5047
5047
5047
5047
5045
5043
5040
5035
5035
5031
5030
5026
5020
5017
5017
5016
5009
5007
5004
5004
4994
4993
4988
4985
4982
4966
4961
4960
4957
4953
4952
4935
4931
4925
4923
4918
4916
4914
4912
4912
4911
4907
4907
4905
4904
4901
4895
4894
4890
4890
4882
4879
4876
4874
4863
4862
4860
4857
4856
4856
4854
4849
4848
4846
4844
4841
4838
4838
4834
4831
4829
4825
4825
4824
4823
4817
4813
4811
4806
4806
4805
4804
4803
4803
4802
4801
4801
4800
4798
4797
4795
4795
4795
4792
4791
4787
4783
4776
4774
4771
4770
4768
4766
4760
4759
4757
4751
4751
4747
4747
4739
4728
4725
4719
4719
4717
4716
4709
4708
4707
4703
4701
4701
4700
4691
4681
4681
4679
4677
4675
4673
4673
4667
4662
4660
4651
4649
4648
4644
4643
4641
4640
4640
4639
4636
4633
4624
4620
4618
4615
4613
4612
4609
4608
4606
4603
4599
4593
4589
4588
4587
4581
4577
4573
4573
4571
4565
4561
4550
4547
4546
4545
4544
4542
4542
4536
4531
4529
4527
4518
4517
4517
4516
4516
4515
4515
4507
4503
4503
4500
4494
4490
4484
4483
4482
4475
4474
4467
4466
4463
4458
4449
4446
4445
4443
4443
4441
4437
4434
4434
4433
4427
4420
4417
4415
4415
4408
4404
4403
4403
4403
4397
4392
4388
4385
4383
4381
4380
4375
4363
4360
4359
4356
4355
4351
4346
4338
4333
4332
4324
4317
4317
4314
4314
4312
4309
4308
4297
4286
4278
4277
4276
4271
4267
4266
4263
4261
4260
4255
4253
4252
4250
4245
4242
4234
4233
4230
4222
4222
4222
4220
4219
4213
4209
4200
4198
4198
4196
4195
4192
4191
4188
4183
4182
4180
4176
4175
4174
4148
4144
4141
4129
4129
4128
4124
4124
4122
4118
4116
4107
4105
4103
4102
4094
4090
4088
4087
4085
4083
4072
4071
4064
4063
4060
4060
4059
4059
4052
4051
4044
4043
4043
4038
4036
4036
4034
4020
4018
4018
4014
4013
4012
4012
4001
4000
3993
3993
3992
3992
3992
3990
3975
3967
3964
3961
3960
3959
3955
3954
3954
3950
3944
3943
3943
3942
3937
3934
3933
3933
3931
3930
3929
3928
3927
3926
3919
3917
3913
3911
3910
3910
3910
3907
3907
3902
3900
3898
3897
3895
3895
3893
3890
3887
3886
3885
3884
3883
3880
3879
3878
3876
3873
3870
3868
3865
3862
3855
3854
3853
3851
3848
3847
3845
3843
3842
3842
3841
3839
3836
3835
3834
3834
3829
3825
3825
3825
3824
3821
3805
3801
3799
3795
3793
3792
3792
3791
3784
3776
3774
3770
3768
3766
3764
3763
3761
3760
3760
3759
3757
3756
3756
3755
3754
3753
3749
3742
3740
3737
3736
3734
3731
3730
3724
3720
3715
3714
3710
3707
3703
3701
3696
3693
3692
3690
3686
3686
3685
3680
3676
3674
3673
3672
3672
3671
3666
3664
3661
3661
3656
3655
3648
3646
3641
3640
3635
3633
3628
3623
3622
3619
3613
3612
3611
3609
3602
3601
3597
3593
3593
3592
3590
3590
3589
3587
3587
3586
3586
3585
3585
3584
3584
3582
3581
3577
3577
3575
3569
3568
3567
3565
3558
3557
3555
3555
3554
3552
3552
3552
3548
3547
3547
3545
3544
3544
3543
3542
3538
3538
3538
3536
3534
3532
3531
3530
3529
3529
3528
3527
3527
3521
3521
3519
3518
3518
3511
3510
3510
3509
3507
3507
3506
3506
3504
3503
3501
3497
3497
3495
3494
3483
3480
3478
3476
3476
3474
3473
3473
3471
3469
3467
3464
3463
3461
3460
3458
3455
3449
3448
3446
3445
3445
3441
3439
3434
3431
3429
3423
3421
3419
3418
3416
3415
3415
3415
3415
3412
3411
3410
3409
3409
3408
3408
3407
3406
3404
3403
3402
3399
3397
3394
3394
3394
3393
3393
3392
3391
3388
3387
3385
3384
3382
3379
3375
3375
3371
3371
3371
3370
3370
3369
3368
3368
3363
3362
3362
3361
3360
3357
3352
3351
3350
3349
3348
3348
3348
3347
3347
3346
3342
3341
3341
3340
3340
3339
3339
3337
3337
3337
3337
3336
3336
3335
3332
3331
3330
3329
3328
3327
3325
3324
3321
3321
3321
3320
3319
3319
3319
3318
3317
3317
3316
3316
3315
3314
3314
3314
3309
3309
3306
3304
3301
3300
3299
3299
3298
3289
3288
3288
3287
3286
3286
3284
3284
3281
3276
3273
3272
3271
3270
3269
3267
3264
3264
3263
3263
3263
3262
3259
3259
3257
3257
3255
3252
3251
3249
3245
3245
3245
3244
3242
3240
3240
3240
3238
3238
3238
3235
3234
3234
3232
3229
3229
3228
3228
3227
3225
3225
3224
3221
3220
3219
3219
3216
3210
3209
3205
3203
3203
3203
3202
3201
3201
3200
3197
3197
3195
3193
3192
3191
3191
3190
3189
3189
3186
3181
3180
3180
3179
3173
3171
3171
3170
3169
3168
3168
3166
3164
3164
3161
3160
3160
3158
3157
3154
3154
3152
3152
3152
3148
3148
3147
3146
3146
3145
3144
3143
3142
3139
3137
3136
3136
3136
3135
3131
3131
3130
3126
3126
3126
3125
3125
3125
3123
3123
3120
3119
3116
3115
3115
3114
3113
3112
3112
3112
3111
3106
3104
3103
3098
3096
3096
3093
3092
3092
3087
3087
3086
3086
3086
3084
3084
3082
3080
3078
3078
3077
3077
3076
3074
3073
3073
3072
3071
3069
3069
3068
3067
3066
3066
3064
3064
3062
3061
3058
3057
3057
3057
3057
3056
3053
3053
3052
3052
3052
3052
3051
3050
3050
3049
3046
3045
3045
3043
3042
3041
3039
3036
3035
3034
3034
3033
3033
3032
3031
3031
3030
3027
3027
3027
3025
3024
3022
3021
3020
3018
3017
3014
3011
3011
3010
3010
3008
3007
3006
3002
3001
3000
3000
2997
2997
2996
2993
2992
2990
2990
2990
2989
2988
2987
2986
2984
2984
2983
2980
2975
2973
2973
2970
2970
2968
2968
2968
2967
2966
2963
2963
2961
2960
2959
2958
2957
2956
2952
2951
2950
2950
2950
2947
2947
2947
2946
2946
2943
2943
2941
2939
2938
2936
2936
2935
2935
2933
2928
2928
2927
2927
2926
2920
2920
2917
2917
2915
2911
2911
2910
2910
2908
2908
2907
2907
2903
2902
2902
2901
2899
2899
2897
2897
2896
2895
2893
2891
2888
2886
2886
2881
2877
2876
2875
2874
2873
2872
2870
2869
2869
2864
2863
2860
2859
2859
2858
2856
2853
2853
2852
2852
2851
2851
2851
2851
2850
2850
2849
2849
2849
2847
2846
2846
2846
2844
2843
2839
2838
2838
2836
2833
2832
2832
2832
2831
2829
2828
2827
2824
2823
2822
2820
2819
2818
2816
2815
2814
2812
2811
2808
2808
2806
2802
2802
2801
2801
2800
2800
2800
2799
2798
2797
2797
2796
2794
2793
2793
2791
2791
2789
2788
2787
2786
2786
2786
2784
2784
2783
2780
2779
2779
2778
2776
2776
2775
2775
2773
2772
2772
2771
2771
2769
2768
2766
2766
2763
2762
2762
2762
2761
2761
2759
2750
2750
2746
2746
2745
2744
2741
2741
2740
2740
2740
2737
2732
2732
2732
2732
2729
2727
2726
2726
2723
2721
2719
2718
2718
2718
2715
2715
2715
2710
2710
2709
2708
2708
2707
2706
2705
2704
2703
2701
2700
2696
2696
2694
2693
2693
2692
2692
2689
2689
2688
2687
2687
2687
2684
2684
2683
2683
2678
2678
2677
2675
2675
2674
2671
2670
2669
2666
2666
2664
2663
2661
2661
2659
2658
2656
2654
2654
2652
2652
2652
2651
2649
2649
2648
2648
2647
2646
2644
2643
2642
2642
2641
2640
2639
2638
2638
2638
2636
2634
2633
2630
2629
2629
2628
2627
2626
2626
2625
2624
2620
2619
2618
2616
2615
2614
2613
2612
2611
2610
2609
2609
2608
2606
2606
2605
2605
2604
2604
2602
2600
2599
2598
2595
2594
2594
2591
2590
2590
2589
2588
2587
2577
2576
2574
2574
2568
2567
2566
2565
2564
2563
2562
2562
2558
2558
2557
2554
2553
2550
2549
2546
2546
2545
2545
2544
2543
2543
2540
2540
2539
2538
2538
2536
2536
2535
2532
2531
2530
2530
2530
2530
2528
2527
2526
2526
2523
2521
2520
2520
2520
2519
2515
2513
2513
2512
2511
2510
2508
2508
2507
2507
2504
2503
2503
2502
2501
2500
2495
2493
2492
2491
2488
2486
2483
2483
2482
2482
2481
2480
2480
2479
2478
2478
2478
2478
2475
2474
2473
2473
2468
2467
2466
2465
2463
2462
2456
2456
2455
2454
2453
2450
2448
2445
2445
2442
2441
2440
2440
2439
2439
2438
2437
2432
2431
2430
2427
2424
2423
2422
2421
2420
2419
2418
2416
2415
2411
2409
2409
2408
2408
2406
2405
2404
2404
2403
2402
2402
2402
2399
2399
2398
2397
2396
2393
2392
2390
2390
2386
2385
2381
2381
2381
2379
2377
2374
2374
2373
2373
2371
2370
2369
2368
2367
2367
2367
2363
2362
2360
2360
2359
2357
2357
2355
2354
2353
2353
2352
2351
2350
2348
2348
2347
2346
2343
2342
2341
2341
2338
2338
2335
2334
2333
2333
2333
2332
2330
2329
2329
2327
2326
2323
2322
2321
2321
2320
2319
2315
2314
2313
2312
2310
2308
2308
2306
2302
2302
2301
2301
2300
2297
2297
2295
2295
2294
2288
2288
2288
2287
2286
2286
2285
2281
2279
2278
2275
2272
2272
2271
2270
2266
2263
2261
2258
2255
2252
2252
2250
2248
2248
2247
2246
2245
2245
2243
2243
2243
2242
2241
2241
2240
2239
2239
2238
2238
2238
2237
2234
2230
2230
2229
2228
2224
2224
2223
2222
2222
2221
2219
2218
2218
2218
2213
2212
2212
2209
2209
2208
2208
2207
2206
2205
2204
2203
2202
2202
2200
2200
2200
2200
2197
2197
2194
2191
2189
2184
2176
2176
2176
2175
2172
2172
2171
2170
2168
2168
2167
2166
2166
2166
2165
2163
2163
2162
2162
2162
2161
2161
2160
2157
2157
2156
2153
2147
2147
2146
2146
2145
2144
2138
2137
2134
2133
2130
2130
2130
2128
2127
2122
2122
2122
2120
2119
2119
2119
2118
2113
2111
2109
2109
2108
2108
2105
2103
2101
2097
2097
2097
2096
2093
2091
2091
2090
2089
2087
2083
2080
2080
2080
2079
2079
2079
2078
2077
2076
2073
2073
2072
2071
2070
2070
2066
2066
2065
2065
2065
2064
2063
2063
2061
2060
2060
2060
2059
2059
2057
2057
2056
2054
2054
2050
2048
2047
2044
2043
2040
2036
2033
2033
2032
2031
2031
2031
2029
2028
2026
2025
2025
2021
2021
2019
2018
2016
2014
2014
2014
2011
2011
2010
2010
2009
2009
2009
2008
2007
2007
2007
2003
2002
1999
1999
1998
1998
1997
1997
1996
1995
1994
1993
1993
1992
1990
1988
1988
1987
1987
1987
1986
1986
1985
1985
1985
1982
1980
1979
1979
1977
1976
1973
1973
1970
1969
1967
1966
1965
1963
1962
1961
1960
1960
1960
1960
1959
1956
1955
1955
1955
1954
1952
1951
1949
1949
1947
1946
1944
1944
1944
1942
1942
1941
1941
1940
1940
1939
1939
1939
1939
1938
1929
1929
1927
1927
1926
1925
1924
1923
1922
1919
1918
1917
1915
1915
1914
1913
1912
1912
1911
1910
1908
1908
1907
1904
1903
1902
1902
1901
1900
1899
1898
1898
1897
1896
1893
1892
1892
1891
1891
1887
1887
1885
1884
1884
1883
1881
1878
1876
1875
1875
1874
1874
1874
1873
1871
1869
1868
1866
1866
1866
1865
1865
1864
1862
1861
1858
1858
1855
1854
1854
1853
1853
1852
1852
1849
1847
1847
1844
1842
1842
1842
1842
1840
1840
1840
1840
1838
1835
1835
1833
1833
1832
1830
1828
1827
1827
1827
1827
1825
1825
1825
1825
1824
1823
1821
1820
1819
1819
1818
1817
1817
1815
1814
1811
1811
1810
1803
1803
1802
1802
1801
1799
1795
1794
1793
1792
1791
1790
1789
1788
1787
1787
1787
1785
1785
1784
1784
1783
1783
1783
1781
1780
1780
1780
1779
1778
1778
1777
1776
1775
1774
1773
1770
1770
1770
1767
1767
1767
1764
1764
1763
1763
1761
1760
1759
1758
1757
1755
1753
1753
1753
1752
1751
1750
1750
1745
1744
1743
1742
1740
1739
1734
1733
1732
1732
1730
1728
1727
1726
1723
1723
1723
1720
1720
1718
1715
1715
1715
1715
1715
1714
1712
1711
1711
1711
1709
1709
1709
1709
1709
1707
1704
1702
1702
1700
1699
1698
1698
1696
1695
1695
1694
1691
1691
1690
1689
1688
1688
1687
1685
1683
1680
1678
1678
1677
1676
1674
1674
1671
1669
1667
1664
1663
1659
1658
1658
1656
1655
1653
1652
1650
1649
1647
1645
1642
1639
1639
1639
1638
1637
1637
1636
1631
1631
1631
1631
1630
1629
1628
1627
1626
1625
1623
1620
1620
1619
1618
1616
1616
1616
1614
1614
1610
1607
1605
1604
1603
1601
1597
1596
1595
1592
1590
1590
1589
1588
1588
1583
1580
1580
1580
1580
1579
1578
1578
1577
1577
1576
1574
1573
1572
1571
1567
1567
1562
1561
1560
1560
1560
1558
1553
1552
1552
1551
1550
1549
1548
1548
1546
1545
1544
1543
1542
1542
1541
1539
1539
1539
1538
1538
1537
1537
1535
1534
1532
1532
1530
1530
1526
1525
1523
1523
1522
1520
1520
1520
1519
1518
1517
1513
1512
1511
1510
1509
1509
1509
1509
1508
1507
1504
1504
1501
1500
1499
1498
1498
1498
1494
1494
1493
1492
1491
1490
1489
1489
1488
1487
1486
1486
1486
1485
1485
1484
1483
1482
1481
1481
1477
1476
1476
1473
1473
1473
1471
1470
1470
1469
1469
1468
1467
1467
1466
1466
1465
1465
1465
1464
1464
1461
1460
1460
1459
1459
1458
1456
1456
1455
1454
1451
1450
1449
1446
1445
1444
1440
1439
1438
1438
1438
1437
1436
1436
1436
1434
1431
1431
1430
1430
1428
1427
1426
1426
1424
1424
1423
1422
1422
1422
1421
1420
1417
1417
1417
1416
1416
1415
1414
1413
1412
1411
1409
1407
1406
1405
1396
1395
1394
1389
1387
1385
1385
1384
1384
1384
1382
1382
1380
1380
1378
1375
1374
1374
1374
1371
1370
1369
1369
1368
1367
1367
1367
1366
1366
1366
1364
1364
1363
1360
1359
1359
1356
1356
1356
1354
1353
1352
1347
1346
1346
1346
1345
1345
1342
1342
1341
1339
1337
1335
1334
1332
1332
1332
1332
1330
1329
1329
1328
1327
1327
1326
1325
1325
1324
1324
1324
1323
1321
1320
1318
1318
1317
1316
1316
1315
1315
1314
1314
1313
1310
1310
1309
1308
1308
1307
1307
1306
1306
1305
1304
1302
1301
1298
1298
1298
1293
1291
1289
1288
1282
1281
1280
1280
1279
1276
1274
1274
1272
1271
1271
1270
1269
1268
1263
1263
1262
1262
1262
1262
1260
1259
1258
1256
1253
1251
1250
1250
1250
1249
1247
1247
1243
1242
1238
1237
1237
1237
1236
1235
1234
1233
1230
1230
1229
1229
1228
1226
1226
1226
1225
1225
1224
1223
1223
1222
1219
1219
1217
1212
1212
1210
1209
1208
1208
1208
1205
1204
1202
1202
1201
1198
1194
1194
1185
1185
1185
1184
1180
1180
1179
1179
1178
1177
1177
1177
1177
1176
1176
1173
1172
1171
1169
1168
1167
1167
1166
1162
1160
1155
1154
1148
1145
1145
1141
1140
1139
1139
1138
1135
1134
1129
1128
1127
1126
1124
1123
1121
1119
1118
1116
1113
1112
1110
1110
1110
1109
1109
1108
1108
1107
1106
1104
1099
1098
1097
1097
1096
1095
1095
1095
1093
1091
1089
1088
1087
1086
1086
1083
1082
1082
1079
1079
1077
1076
1074
1073
1071
1064
1059
1058
1058
1058
1056
1054
1053
1052
1042
1039
1038
1037
1033
1033
1032
1030
1028
1027
1026
1026
1025
1024
1022
1021
1020
1019
1017
1015
1013
1010
1008
1007
1007
1005
1004
1002
999
998
997
997
994
994
993
991
991
990
989
989
989
987
987
987
982
981
980
977
977
977
976
975
975
974
973
972
969
969
968
965
963
963
961
958
958
957
957
956
956
953
952
952
952
952
951
951
949
946
946
943
943
943
941
940
938
937
937
936
936
936
933
932
932
932
929
928
928
928
926
924
924
923
923
920
920
918
917
917
916
915
914
914
912
911
911
910
908
906
905
905
900
899
899
899
899
896
895
895
894
894
893
893
893
893
893
891
891
891
889
889
887
884
883
881
881
878
877
877
876
875
875
875
871
869
869
867
866
863
863
862
862
862
858
858
857
854
853
852
851
850
848
846
846
845
843
842
842
840
838
838
836
834
833
833
832
830
829
828
828
827
827
827
826
821
820
820
819
817
816
816
815
814
811
810
809
809
808
808
808
807
807
803
799
799
798
797
797
797
797
796
795
795
795
794
792
792
788
787
786
784
783
783
782
781
780
780
780
779
779
778
776
776
776
775
775
775
775
775
774
773
772
772
772
768
768
768
768
768
768
767
766
765
764
764
763
762
761
761
760
756
756
754
753
753
753
752
752
752
751
751
749
749
748
748
747
747
746
746
746
745
744
741
741
739
738
738
737
737
736
736
736
735
732
732
732
731
731
730
730
729
728
728
728
727
724
723
722
721
720
720
720
720
719
719
719
718
718
717
717
716
716
714
713
712
712
712
711
711
709
709
709
709
708
708
708
708
707
707
707
707
706
705
704
704
704
704
703
703
702
702
702
702
702
701
701
700
700
700
700
699
699
698
697
697
696
696
696
696
695
694
694
694
693
692
692
692
691
690
690
690
690
690
689
687
687
686
685
685
684
684
683
683
683
683
682
681
681
680
680
679
679
679
679
678
678
677
677
677
677
676
676
676
676
675
674
674
673
673
673
672
672
672
671
670
669
668
667
666
666
666
666
666
666
664
663
663
663
662
661
661
660
660
659
659
659
658
657
657
656
655
654
654
654
654
654
653
652
652
652
651
650
650
650
648
648
647
647
644
644
643
643
643
643
642
642
641
640
639
638
636
634
634
634
633
630
630
630
630
629
628
628
626
625
625
625
624
622
621
620
620
619
618
618
617
616
616
614
614
614
613
613
611
611
610
610
609
609
609
609
607
606
606
603
603
603
602
602
601
601
600
598
598
598
596
596
596
595
595
595
593
593
593
592
592
592
592
591
590
589
589
588
588
585
585
582
579
579
578
577
576
575
575
575
574
571
571
570
569
569
569
568
567
567
567
567
565
565
565
565
564
563
563
562
561
561
559
559
557
557
557
555
554
552
551
550
550
550
549
549
549
548
548
547
546
545
545
544
544
540
540
539
539
538
537
536
535
535
535
534
534
533
533
532
531
530
529
529
528
527
527
525
524
523
522
521
521
519
519
519
517
517
516
516
515
515
515
514
514
513
513
511
511
511
510
509
509
508
508
507
507
505
503
503
503
502
502
500
499
499
499
498
498
496
496
495
494
494
493
492
492
492
492
492
492
492
491
490
489
488
488
487
487
486
486
485
485
485
485
484
484
483
482
482
482
482
482
481
481
481
481
478
478
477
477
476
476
476
475
475
475
474
473
473
473
472
472
472
471
471
470
469
468
468
467
467
467
467
466
465
465
465
465
465
464
464
463
463
463
462
461
461
460
460
460
459
459
458
457
456
456
456
455
453
453
452
452
452
451
451
450
449
449
448
448
448
448
447
447
447
447
446
445
444
444
443
443
443
442
442
441
441
440
440
439
439
439
439
437
437
436
435
435
435
435
434
433
433
432
432
431
431
429
428
428
428
428
426
425
425
425
424
423
423
422
421
421
420
420
419
419
419
417
416
416
416
416
415
415
414
414
412
412
412
411
409
408
407
406
405
405
404
404
403
403
402
401
401
400
398
398
396
395
395
394
389
389
389
387
386
386
385
384
383
383
381
381
380
379
379
379
379
378
377
377
376
376
375
375
375
374
373
371
371
371
369
369
368
368
368
366
366
366
365
364
363
362
362
362
361
361
361
360
360
359
359
358
358
357
356
356
354
354
354
353
352
352
352
351
351
350
350
350
350
349
349
349
348
348
348
348
348
347
347
345
345
344
344
342
342
341
340
340
340
340
340
340
338
337
337
337
336
335
335
335
334
334
333
332
331
331
329
327
326
326
326
325
324
323
322
322
321
321
320
319
318
317
317
315
315
315
313
313
312
312
310
310
310
309
308
305
305
304
303
302
301
301
300
298
298
297
297
296
296
295
294
293
293
293
293
293
293
292
292
290
289
288
288
287
286
286
286
284
284
282
281
281
281
280
280
279
277
275
275
273
271
271
270
270
269
269
269
269
269
268
265
265
265
264
264
261
261
261
261
260
259
259
258
258
258
258
258
256
256
256
256
255
253
253
253
252
252
252
252
251
251
250
250
250
249
249
249
248
247
246
246
246
245
244
243
242
242
242
241
239
239
238
238
237
237
236
236
236
236
235
234
232
231
231
231
230
230
229
229
229
229
226
226
225
225
225
224
224
224
223
222
220
219
219
218
218
217
217
216
215
214
214
213
211
211
211
208
207
205
205
204
203
202
201
200
200
200
199
199
199
198
197
197
197
197
196
196
196
195
194
194
194
193
193
192
191
191
190
190
189
189
189
189
188
188
186
186
185
183
183
182
182
182
181
181
180
180
179
179
179
179
178
178
178
178
178
178
178
177
176
175
175
174
174
173
172
171
171
170
169
169
169
169
169
168
167
167
167
167
167
166
166
165
165
164
163
163
163
162
162
161
161
160
160
160
160
159
158
158
157
157
156
155
155
155
154
154
154
154
154
153
153
153
153
153
152
152
152
151
151
150
150
150
149
149
149
148
147
147
147
147
147
146
146
145
145
144
144
144
144
144
143
142
142
142
142
141
141
141
140
140
140
140
139
139
139
139
139
139
137
137
137
136
136
136
136
136
135
135
135
134
134
133
133
133
132
132
132
132
132
132
131
131
131
131
131
131
131
130
130
130
130
130
129
129
128
128
127
127
126
126
126
126
125
125
125
125
125
125
125
125
124
124
124
123
123
123
122
122
122
122
121
121
121
120
120
120
120
119
119
119
118
118
118
118
117
117
117
117
117
117
116
116
115
115
115
115
115
114
114
114
114
114
113
112
112
112
112
112
112
111
111
111
111
111
111
110
110
110
110
110
110
110
110
109
109
109
109
109
108
107
106
105
105
105
105
105
105
105
105
104
104
104
103
103
102
102
102
102
102
102
102
102
102
101
101
101
101
100
100
99
99
99
99
98
98
98
98
98
97
97
97
97
96
96
96
96
96
95
95
95
95
95
94
94
94
94
94
94
94
94
93
93
92
92
92
91
91
91
91
91
91
90
90
90
90
90
90
90
90
90
90
90
89
89
89
89
89
88
88
88
87
87
87
86
86
86
85
85
85
85
84
84
84
84
83
83
83
83
82
82
82
82
81
81
81
80
80
80
80
80
80
79
79
79
79
79
78
78
78
78
77
77
77
77
77
77
76
76
76
76
76
76
75
75
75
75
74
74
74
74
74
73
73
73
73
73
72
72
72
71
71
71
70
70
70
70
70
70
69
69
69
69
69
69
69
69
68
68
67
67
67
66
66
66
65
65
63
63
62
61
61
61
60
60
60
60
60
59
59
58
58
58
58
58
57
57
57
56
56
56
56
56
55
54
54
54
52
51
51
50
50
49
49
49
49
49
49
48
48
48
48
48
47
47
47
47
47
46
46
46
45
45
44
43
43
43
43
42
42
42
42
42
42
41
41
41
40
40
40
39
39
39
38
38
38
38
37
37
36
35
34
34
34
34
34
33
33
33
33
32
32
32
32
31
31
30
30
30
30
29
29
29
29
29
29
29
29
29
29
29
28
28
28
28
28
28
28
27
27
27
27
27
26
26
26
26
25
25
25
25
24
24
24
24
24
23
23
23
23
23
23
23
22
22
21
21
21
21
20
20
20
20
20
20
19
19
19
19
19
19
19
19
19
19
18
18
18
18
18
18
18
17
17
17
16
16
16
16
16
16
16
16
16
15
15
15
15
14
14
13
13
13
13
13
13
12
12
12
12
12
12
12
11
11
11
11
11
11
11
11
10
10
10
10
10
10
10
10
10
9
9
9
9
9
9
9
9
8
8
8
8
8
8
8
8
8
8
8
8
7
7
7
7
7
7
7
7
7
7
7
6
6
6
6
6
6
6
6
6
6
6
6
6
6
6
5
5
5
5
5
5
5
5
5
5
5
5
5
5
5
4
4
4
4
4
4
4
4
4
4
4
4
4
4
4
4
4
3
3
3
3
3
3
3
3
3
3
3
3
3
3
3
3
3
3
3
3
3
3
3
3
3
3
3
3
3
3
3
3
2
2
2
2
2
2
2
2
2
2
2
2
2
2
2
2
2
2
2
2
2
2
2
2
2
2
2
2
2
2
2
2
2
2
2
2
2
2
1
1
1
1
1
1
1
1
1
1
1
1
1
1
1
1
1
1
1
1
1
1
1
1
1
1
1
1
1
1
1
1
1
1
1
1
1
1
1
1
1
1
1
1
1
1
1
1
1
1
1
1
1
1
1
1
1
1
1
1
1
1
